5280
6240
33 0 260 0 0 220 0 220 260
34 220 260 220 0 440 0 440 260
35 440 260 440 0 660 0 660 260
36 660 260 660 0 880 0 880 260
37 880 260 880 0 1100 0 1100 260
38 1100 260 1100 0 1320 0 1320 260
39 1320 260 1320 0 1540 0 1540 260
40 1540 260 1540 0 1760 0 1760 260
41 1760 260 1760 0 1980 0 1980 260
42 1980 260 1980 0 2200 0 2200 260
43 2200 260 2200 0 2420 0 2420 260
44 2420 260 2420 0 2640 0 2640 260
45 2640 260 2640 0 2860 0 2860 260
46 2860 260 2860 0 3080 0 3080 260
47 3080 260 3080 0 3300 0 3300 260
48 3300 260 3300 0 3520 0 3520 260
49 3520 260 3520 0 3740 0 3740 260
50 3740 260 3740 0 3960 0 3960 260
51 3960 260 3960 0 4180 0 4180 260
52 4180 260 4180 0 4400 0 4400 260
53 4400 260 4400 0 4620 0 4620 260
54 4620 260 4620 0 4840 0 4840 260
55 4840 260 4840 0 5060 0 5060 260
56 5060 260 5060 0 5280 0 5280 260
57 0 520 0 260 220 260 220 520
58 220 520 220 260 440 260 440 520
59 440 520 440 260 660 260 660 520
60 660 520 660 260 880 260 880 520
61 880 520 880 260 1100 260 1100 520
62 1100 520 1100 260 1320 260 1320 520
63 1320 520 1320 260 1540 260 1540 520
64 1540 520 1540 260 1760 260 1760 520
65 1760 520 1760 260 1980 260 1980 520
66 1980 520 1980 260 2200 260 2200 520
67 2200 520 2200 260 2420 260 2420 520
68 2420 520 2420 260 2640 260 2640 520
69 2640 520 2640 260 2860 260 2860 520
70 2860 520 2860 260 3080 260 3080 520
71 3080 520 3080 260 3300 260 3300 520
72 3300 520 3300 260 3520 260 3520 520
73 3520 520 3520 260 3740 260 3740 520
74 3740 520 3740 260 3960 260 3960 520
75 3960 520 3960 260 4180 260 4180 520
76 4180 520 4180 260 4400 260 4400 520
77 4400 520 4400 260 4620 260 4620 520
78 4620 520 4620 260 4840 260 4840 520
79 4840 520 4840 260 5060 260 5060 520
80 5060 520 5060 260 5280 260 5280 520
81 0 780 0 520 220 520 220 780
82 220 780 220 520 440 520 440 780
83 440 780 440 520 660 520 660 780
84 660 780 660 520 880 520 880 780
85 880 780 880 520 1100 520 1100 780
86 1100 780 1100 520 1320 520 1320 780
87 1320 780 1320 520 1540 520 1540 780
88 1540 780 1540 520 1760 520 1760 780
89 1760 780 1760 520 1980 520 1980 780
90 1980 780 1980 520 2200 520 2200 780
91 2200 780 2200 520 2420 520 2420 780
92 2420 780 2420 520 2640 520 2640 780
93 2640 780 2640 520 2860 520 2860 780
94 2860 780 2860 520 3080 520 3080 780
95 3080 780 3080 520 3300 520 3300 780
96 3300 780 3300 520 3520 520 3520 780
97 3520 780 3520 520 3740 520 3740 780
98 3740 780 3740 520 3960 520 3960 780
99 3960 780 3960 520 4180 520 4180 780
100 4180 780 4180 520 4400 520 4400 780
101 4400 780 4400 520 4620 520 4620 780
102 4620 780 4620 520 4840 520 4840 780
103 4840 780 4840 520 5060 520 5060 780
104 5060 780 5060 520 5280 520 5280 780
105 0 1040 0 780 220 780 220 1040
106 220 1040 220 780 440 780 440 1040
107 440 1040 440 780 660 780 660 1040
108 660 1040 660 780 880 780 880 1040
109 880 1040 880 780 1100 780 1100 1040
110 1100 1040 1100 780 1320 780 1320 1040
111 1320 1040 1320 780 1540 780 1540 1040
112 1540 1040 1540 780 1760 780 1760 1040
113 1760 1040 1760 780 1980 780 1980 1040
114 1980 1040 1980 780 2200 780 2200 1040
115 2200 1040 2200 780 2420 780 2420 1040
116 2420 1040 2420 780 2640 780 2640 1040
117 2640 1040 2640 780 2860 780 2860 1040
118 2860 1040 2860 780 3080 780 3080 1040
119 3080 1040 3080 780 3300 780 3300 1040
120 3300 1040 3300 780 3520 780 3520 1040
121 3520 1040 3520 780 3740 780 3740 1040
122 3740 1040 3740 780 3960 780 3960 1040
123 3960 1040 3960 780 4180 780 4180 1040
124 4180 1040 4180 780 4400 780 4400 1040
125 4400 1040 4400 780 4620 780 4620 1040
126 4620 1040 4620 780 4840 780 4840 1040
127 4840 1040 4840 780 5060 780 5060 1040
128 5060 1040 5060 780 5280 780 5280 1040
129 0 1300 0 1040 220 1040 220 1300
130 220 1300 220 1040 440 1040 440 1300
131 440 1300 440 1040 660 1040 660 1300
132 660 1300 660 1040 880 1040 880 1300
133 880 1300 880 1040 1100 1040 1100 1300
134 1100 1300 1100 1040 1320 1040 1320 1300
135 1320 1300 1320 1040 1540 1040 1540 1300
136 1540 1300 1540 1040 1760 1040 1760 1300
137 1760 1300 1760 1040 1980 1040 1980 1300
138 1980 1300 1980 1040 2200 1040 2200 1300
139 2200 1300 2200 1040 2420 1040 2420 1300
140 2420 1300 2420 1040 2640 1040 2640 1300
141 2640 1300 2640 1040 2860 1040 2860 1300
142 2860 1300 2860 1040 3080 1040 3080 1300
143 3080 1300 3080 1040 3300 1040 3300 1300
144 3300 1300 3300 1040 3520 1040 3520 1300
145 3520 1300 3520 1040 3740 1040 3740 1300
146 3740 1300 3740 1040 3960 1040 3960 1300
147 3960 1300 3960 1040 4180 1040 4180 1300
148 4180 1300 4180 1040 4400 1040 4400 1300
149 4400 1300 4400 1040 4620 1040 4620 1300
150 4620 1300 4620 1040 4840 1040 4840 1300
151 4840 1300 4840 1040 5060 1040 5060 1300
152 5060 1300 5060 1040 5280 1040 5280 1300
153 0 1560 0 1300 220 1300 220 1560
154 220 1560 220 1300 440 1300 440 1560
155 440 1560 440 1300 660 1300 660 1560
156 660 1560 660 1300 880 1300 880 1560
157 880 1560 880 1300 1100 1300 1100 1560
158 1100 1560 1100 1300 1320 1300 1320 1560
159 1320 1560 1320 1300 1540 1300 1540 1560
160 1540 1560 1540 1300 1760 1300 1760 1560
161 1760 1560 1760 1300 1980 1300 1980 1560
162 1980 1560 1980 1300 2200 1300 2200 1560
163 2200 1560 2200 1300 2420 1300 2420 1560
164 2420 1560 2420 1300 2640 1300 2640 1560
165 2640 1560 2640 1300 2860 1300 2860 1560
166 2860 1560 2860 1300 3080 1300 3080 1560
167 3080 1560 3080 1300 3300 1300 3300 1560
168 3300 1560 3300 1300 3520 1300 3520 1560
169 3520 1560 3520 1300 3740 1300 3740 1560
170 3740 1560 3740 1300 3960 1300 3960 1560
171 3960 1560 3960 1300 4180 1300 4180 1560
172 4180 1560 4180 1300 4400 1300 4400 1560
173 4400 1560 4400 1300 4620 1300 4620 1560
174 4620 1560 4620 1300 4840 1300 4840 1560
175 4840 1560 4840 1300 5060 1300 5060 1560
176 5060 1560 5060 1300 5280 1300 5280 1560
177 0 1820 0 1560 220 1560 220 1820
178 220 1820 220 1560 440 1560 440 1820
179 440 1820 440 1560 660 1560 660 1820
180 660 1820 660 1560 880 1560 880 1820
181 880 1820 880 1560 1100 1560 1100 1820
182 1100 1820 1100 1560 1320 1560 1320 1820
183 1320 1820 1320 1560 1540 1560 1540 1820
184 1540 1820 1540 1560 1760 1560 1760 1820
185 1760 1820 1760 1560 1980 1560 1980 1820
186 1980 1820 1980 1560 2200 1560 2200 1820
187 2200 1820 2200 1560 2420 1560 2420 1820
188 2420 1820 2420 1560 2640 1560 2640 1820
189 2640 1820 2640 1560 2860 1560 2860 1820
190 2860 1820 2860 1560 3080 1560 3080 1820
191 3080 1820 3080 1560 3300 1560 3300 1820
192 3300 1820 3300 1560 3520 1560 3520 1820
193 3520 1820 3520 1560 3740 1560 3740 1820
194 3740 1820 3740 1560 3960 1560 3960 1820
195 3960 1820 3960 1560 4180 1560 4180 1820
196 4180 1820 4180 1560 4400 1560 4400 1820
197 4400 1820 4400 1560 4620 1560 4620 1820
198 4620 1820 4620 1560 4840 1560 4840 1820
199 4840 1820 4840 1560 5060 1560 5060 1820
200 5060 1820 5060 1560 5280 1560 5280 1820
201 0 2080 0 1820 220 1820 220 2080
202 220 2080 220 1820 440 1820 440 2080
203 440 2080 440 1820 660 1820 660 2080
204 660 2080 660 1820 880 1820 880 2080
205 880 2080 880 1820 1100 1820 1100 2080
206 1100 2080 1100 1820 1320 1820 1320 2080
207 1320 2080 1320 1820 1540 1820 1540 2080
208 1540 2080 1540 1820 1760 1820 1760 2080
209 1760 2080 1760 1820 1980 1820 1980 2080
210 1980 2080 1980 1820 2200 1820 2200 2080
211 2200 2080 2200 1820 2420 1820 2420 2080
212 2420 2080 2420 1820 2640 1820 2640 2080
213 2640 2080 2640 1820 2860 1820 2860 2080
214 2860 2080 2860 1820 3080 1820 3080 2080
215 3080 2080 3080 1820 3300 1820 3300 2080
216 3300 2080 3300 1820 3520 1820 3520 2080
217 3520 2080 3520 1820 3740 1820 3740 2080
218 3740 2080 3740 1820 3960 1820 3960 2080
219 3960 2080 3960 1820 4180 1820 4180 2080
220 4180 2080 4180 1820 4400 1820 4400 2080
221 4400 2080 4400 1820 4620 1820 4620 2080
222 4620 2080 4620 1820 4840 1820 4840 2080
223 4840 2080 4840 1820 5060 1820 5060 2080
224 5060 2080 5060 1820 5280 1820 5280 2080
225 0 2340 0 2080 220 2080 220 2340
226 220 2340 220 2080 440 2080 440 2340
227 440 2340 440 2080 660 2080 660 2340
228 660 2340 660 2080 880 2080 880 2340
229 880 2340 880 2080 1100 2080 1100 2340
230 1100 2340 1100 2080 1320 2080 1320 2340
231 1320 2340 1320 2080 1540 2080 1540 2340
232 1540 2340 1540 2080 1760 2080 1760 2340
233 1760 2340 1760 2080 1980 2080 1980 2340
234 1980 2340 1980 2080 2200 2080 2200 2340
235 2200 2340 2200 2080 2420 2080 2420 2340
236 2420 2340 2420 2080 2640 2080 2640 2340
237 2640 2340 2640 2080 2860 2080 2860 2340
238 2860 2340 2860 2080 3080 2080 3080 2340
239 3080 2340 3080 2080 3300 2080 3300 2340
240 3300 2340 3300 2080 3520 2080 3520 2340
241 3520 2340 3520 2080 3740 2080 3740 2340
242 3740 2340 3740 2080 3960 2080 3960 2340
243 3960 2340 3960 2080 4180 2080 4180 2340
244 4180 2340 4180 2080 4400 2080 4400 2340
245 4400 2340 4400 2080 4620 2080 4620 2340
246 4620 2340 4620 2080 4840 2080 4840 2340
247 4840 2340 4840 2080 5060 2080 5060 2340
248 5060 2340 5060 2080 5280 2080 5280 2340
249 0 2600 0 2340 220 2340 220 2600
250 220 2600 220 2340 440 2340 440 2600
251 440 2600 440 2340 660 2340 660 2600
252 660 2600 660 2340 880 2340 880 2600
253 880 2600 880 2340 1100 2340 1100 2600
254 1100 2600 1100 2340 1320 2340 1320 2600
255 1320 2600 1320 2340 1540 2340 1540 2600
256 1540 2600 1540 2340 1760 2340 1760 2600
257 1760 2600 1760 2340 1980 2340 1980 2600
258 1980 2600 1980 2340 2200 2340 2200 2600
259 2200 2600 2200 2340 2420 2340 2420 2600
260 2420 2600 2420 2340 2640 2340 2640 2600
261 2640 2600 2640 2340 2860 2340 2860 2600
262 2860 2600 2860 2340 3080 2340 3080 2600
263 3080 2600 3080 2340 3300 2340 3300 2600
264 3300 2600 3300 2340 3520 2340 3520 2600
265 3520 2600 3520 2340 3740 2340 3740 2600
266 3740 2600 3740 2340 3960 2340 3960 2600
267 3960 2600 3960 2340 4180 2340 4180 2600
268 4180 2600 4180 2340 4400 2340 4400 2600
269 4400 2600 4400 2340 4620 2340 4620 2600
270 4620 2600 4620 2340 4840 2340 4840 2600
271 4840 2600 4840 2340 5060 2340 5060 2600
272 5060 2600 5060 2340 5280 2340 5280 2600
273 0 2860 0 2600 220 2600 220 2860
274 220 2860 220 2600 440 2600 440 2860
275 440 2860 440 2600 660 2600 660 2860
276 660 2860 660 2600 880 2600 880 2860
277 880 2860 880 2600 1100 2600 1100 2860
278 1100 2860 1100 2600 1320 2600 1320 2860
279 1320 2860 1320 2600 1540 2600 1540 2860
280 1540 2860 1540 2600 1760 2600 1760 2860
281 1760 2860 1760 2600 1980 2600 1980 2860
282 1980 2860 1980 2600 2200 2600 2200 2860
283 2200 2860 2200 2600 2420 2600 2420 2860
284 2420 2860 2420 2600 2640 2600 2640 2860
285 2640 2860 2640 2600 2860 2600 2860 2860
286 2860 2860 2860 2600 3080 2600 3080 2860
287 3080 2860 3080 2600 3300 2600 3300 2860
288 3300 2860 3300 2600 3520 2600 3520 2860
289 3520 2860 3520 2600 3740 2600 3740 2860
290 3740 2860 3740 2600 3960 2600 3960 2860
291 3960 2860 3960 2600 4180 2600 4180 2860
292 4180 2860 4180 2600 4400 2600 4400 2860
293 4400 2860 4400 2600 4620 2600 4620 2860
294 4620 2860 4620 2600 4840 2600 4840 2860
295 4840 2860 4840 2600 5060 2600 5060 2860
296 5060 2860 5060 2600 5280 2600 5280 2860
297 0 3120 0 2860 220 2860 220 3120
298 220 3120 220 2860 440 2860 440 3120
299 440 3120 440 2860 660 2860 660 3120
300 660 3120 660 2860 880 2860 880 3120
301 880 3120 880 2860 1100 2860 1100 3120
302 1100 3120 1100 2860 1320 2860 1320 3120
303 1320 3120 1320 2860 1540 2860 1540 3120
304 1540 3120 1540 2860 1760 2860 1760 3120
305 1760 3120 1760 2860 1980 2860 1980 3120
306 1980 3120 1980 2860 2200 2860 2200 3120
307 2200 3120 2200 2860 2420 2860 2420 3120
308 2420 3120 2420 2860 2640 2860 2640 3120
309 2640 3120 2640 2860 2860 2860 2860 3120
310 2860 3120 2860 2860 3080 2860 3080 3120
311 3080 3120 3080 2860 3300 2860 3300 3120
312 3300 3120 3300 2860 3520 2860 3520 3120
313 3520 3120 3520 2860 3740 2860 3740 3120
314 3740 3120 3740 2860 3960 2860 3960 3120
315 3960 3120 3960 2860 4180 2860 4180 3120
316 4180 3120 4180 2860 4400 2860 4400 3120
317 4400 3120 4400 2860 4620 2860 4620 3120
318 4620 3120 4620 2860 4840 2860 4840 3120
319 4840 3120 4840 2860 5060 2860 5060 3120
320 5060 3120 5060 2860 5280 2860 5280 3120
321 0 3380 0 3120 220 3120 220 3380
322 220 3380 220 3120 440 3120 440 3380
323 440 3380 440 3120 660 3120 660 3380
324 660 3380 660 3120 880 3120 880 3380
325 880 3380 880 3120 1100 3120 1100 3380
326 1100 3380 1100 3120 1320 3120 1320 3380
327 1320 3380 1320 3120 1540 3120 1540 3380
328 1540 3380 1540 3120 1760 3120 1760 3380
329 1760 3380 1760 3120 1980 3120 1980 3380
330 1980 3380 1980 3120 2200 3120 2200 3380
331 2200 3380 2200 3120 2420 3120 2420 3380
332 2420 3380 2420 3120 2640 3120 2640 3380
333 2640 3380 2640 3120 2860 3120 2860 3380
334 2860 3380 2860 3120 3080 3120 3080 3380
335 3080 3380 3080 3120 3300 3120 3300 3380
336 3300 3380 3300 3120 3520 3120 3520 3380
337 3520 3380 3520 3120 3740 3120 3740 3380
338 3740 3380 3740 3120 3960 3120 3960 3380
339 3960 3380 3960 3120 4180 3120 4180 3380
340 4180 3380 4180 3120 4400 3120 4400 3380
341 4400 3380 4400 3120 4620 3120 4620 3380
342 4620 3380 4620 3120 4840 3120 4840 3380
343 4840 3380 4840 3120 5060 3120 5060 3380
344 5060 3380 5060 3120 5280 3120 5280 3380
345 0 3640 0 3380 220 3380 220 3640
346 220 3640 220 3380 440 3380 440 3640
347 440 3640 440 3380 660 3380 660 3640
348 660 3640 660 3380 880 3380 880 3640
349 880 3640 880 3380 1100 3380 1100 3640
350 1100 3640 1100 3380 1320 3380 1320 3640
351 1320 3640 1320 3380 1540 3380 1540 3640
352 1540 3640 1540 3380 1760 3380 1760 3640
353 1760 3640 1760 3380 1980 3380 1980 3640
354 1980 3640 1980 3380 2200 3380 2200 3640
355 2200 3640 2200 3380 2420 3380 2420 3640
356 2420 3640 2420 3380 2640 3380 2640 3640
357 2640 3640 2640 3380 2860 3380 2860 3640
358 2860 3640 2860 3380 3080 3380 3080 3640
359 3080 3640 3080 3380 3300 3380 3300 3640
360 3300 3640 3300 3380 3520 3380 3520 3640
361 3520 3640 3520 3380 3740 3380 3740 3640
362 3740 3640 3740 3380 3960 3380 3960 3640
363 3960 3640 3960 3380 4180 3380 4180 3640
364 4180 3640 4180 3380 4400 3380 4400 3640
365 4400 3640 4400 3380 4620 3380 4620 3640
366 4620 3640 4620 3380 4840 3380 4840 3640
367 4840 3640 4840 3380 5060 3380 5060 3640
368 5060 3640 5060 3380 5280 3380 5280 3640
369 0 3900 0 3640 220 3640 220 3900
370 220 3900 220 3640 440 3640 440 3900
371 440 3900 440 3640 660 3640 660 3900
372 660 3900 660 3640 880 3640 880 3900
373 880 3900 880 3640 1100 3640 1100 3900
374 1100 3900 1100 3640 1320 3640 1320 3900
375 1320 3900 1320 3640 1540 3640 1540 3900
376 1540 3900 1540 3640 1760 3640 1760 3900
377 1760 3900 1760 3640 1980 3640 1980 3900
378 1980 3900 1980 3640 2200 3640 2200 3900
379 2200 3900 2200 3640 2420 3640 2420 3900
380 2420 3900 2420 3640 2640 3640 2640 3900
381 2640 3900 2640 3640 2860 3640 2860 3900
382 2860 3900 2860 3640 3080 3640 3080 3900
383 3080 3900 3080 3640 3300 3640 3300 3900
384 3300 3900 3300 3640 3520 3640 3520 3900
385 3520 3900 3520 3640 3740 3640 3740 3900
386 3740 3900 3740 3640 3960 3640 3960 3900
387 3960 3900 3960 3640 4180 3640 4180 3900
388 4180 3900 4180 3640 4400 3640 4400 3900
389 4400 3900 4400 3640 4620 3640 4620 3900
390 4620 3900 4620 3640 4840 3640 4840 3900
391 4840 3900 4840 3640 5060 3640 5060 3900
392 5060 3900 5060 3640 5280 3640 5280 3900
393 0 4160 0 3900 220 3900 220 4160
394 220 4160 220 3900 440 3900 440 4160
395 440 4160 440 3900 660 3900 660 4160
396 660 4160 660 3900 880 3900 880 4160
397 880 4160 880 3900 1100 3900 1100 4160
398 1100 4160 1100 3900 1320 3900 1320 4160
399 1320 4160 1320 3900 1540 3900 1540 4160
400 1540 4160 1540 3900 1760 3900 1760 4160
401 1760 4160 1760 3900 1980 3900 1980 4160
402 1980 4160 1980 3900 2200 3900 2200 4160
403 2200 4160 2200 3900 2420 3900 2420 4160
404 2420 4160 2420 3900 2640 3900 2640 4160
405 2640 4160 2640 3900 2860 3900 2860 4160
406 2860 4160 2860 3900 3080 3900 3080 4160
407 3080 4160 3080 3900 3300 3900 3300 4160
408 3300 4160 3300 3900 3520 3900 3520 4160
409 3520 4160 3520 3900 3740 3900 3740 4160
410 3740 4160 3740 3900 3960 3900 3960 4160
411 3960 4160 3960 3900 4180 3900 4180 4160
412 4180 4160 4180 3900 4400 3900 4400 4160
413 4400 4160 4400 3900 4620 3900 4620 4160
414 4620 4160 4620 3900 4840 3900 4840 4160
415 4840 4160 4840 3900 5060 3900 5060 4160
416 5060 4160 5060 3900 5280 3900 5280 4160
417 0 4420 0 4160 220 4160 220 4420
418 220 4420 220 4160 440 4160 440 4420
419 440 4420 440 4160 660 4160 660 4420
420 660 4420 660 4160 880 4160 880 4420
421 880 4420 880 4160 1100 4160 1100 4420
422 1100 4420 1100 4160 1320 4160 1320 4420
423 1320 4420 1320 4160 1540 4160 1540 4420
424 1540 4420 1540 4160 1760 4160 1760 4420
425 1760 4420 1760 4160 1980 4160 1980 4420
426 1980 4420 1980 4160 2200 4160 2200 4420
427 2200 4420 2200 4160 2420 4160 2420 4420
428 2420 4420 2420 4160 2640 4160 2640 4420
429 2640 4420 2640 4160 2860 4160 2860 4420
430 2860 4420 2860 4160 3080 4160 3080 4420
431 3080 4420 3080 4160 3300 4160 3300 4420
432 3300 4420 3300 4160 3520 4160 3520 4420
433 3520 4420 3520 4160 3740 4160 3740 4420
434 3740 4420 3740 4160 3960 4160 3960 4420
435 3960 4420 3960 4160 4180 4160 4180 4420
436 4180 4420 4180 4160 4400 4160 4400 4420
437 4400 4420 4400 4160 4620 4160 4620 4420
438 4620 4420 4620 4160 4840 4160 4840 4420
439 4840 4420 4840 4160 5060 4160 5060 4420
440 5060 4420 5060 4160 5280 4160 5280 4420
441 0 4680 0 4420 220 4420 220 4680
442 220 4680 220 4420 440 4420 440 4680
443 440 4680 440 4420 660 4420 660 4680
444 660 4680 660 4420 880 4420 880 4680
445 880 4680 880 4420 1100 4420 1100 4680
446 1100 4680 1100 4420 1320 4420 1320 4680
447 1320 4680 1320 4420 1540 4420 1540 4680
448 1540 4680 1540 4420 1760 4420 1760 4680
449 1760 4680 1760 4420 1980 4420 1980 4680
450 1980 4680 1980 4420 2200 4420 2200 4680
451 2200 4680 2200 4420 2420 4420 2420 4680
452 2420 4680 2420 4420 2640 4420 2640 4680
453 2640 4680 2640 4420 2860 4420 2860 4680
454 2860 4680 2860 4420 3080 4420 3080 4680
455 3080 4680 3080 4420 3300 4420 3300 4680
456 3300 4680 3300 4420 3520 4420 3520 4680
457 3520 4680 3520 4420 3740 4420 3740 4680
458 3740 4680 3740 4420 3960 4420 3960 4680
459 3960 4680 3960 4420 4180 4420 4180 4680
460 4180 4680 4180 4420 4400 4420 4400 4680
461 4400 4680 4400 4420 4620 4420 4620 4680
462 4620 4680 4620 4420 4840 4420 4840 4680
463 4840 4680 4840 4420 5060 4420 5060 4680
464 5060 4680 5060 4420 5280 4420 5280 4680
465 0 4940 0 4680 220 4680 220 4940
466 220 4940 220 4680 440 4680 440 4940
467 440 4940 440 4680 660 4680 660 4940
468 660 4940 660 4680 880 4680 880 4940
469 880 4940 880 4680 1100 4680 1100 4940
470 1100 4940 1100 4680 1320 4680 1320 4940
471 1320 4940 1320 4680 1540 4680 1540 4940
472 1540 4940 1540 4680 1760 4680 1760 4940
473 1760 4940 1760 4680 1980 4680 1980 4940
474 1980 4940 1980 4680 2200 4680 2200 4940
475 2200 4940 2200 4680 2420 4680 2420 4940
476 2420 4940 2420 4680 2640 4680 2640 4940
477 2640 4940 2640 4680 2860 4680 2860 4940
478 2860 4940 2860 4680 3080 4680 3080 4940
479 3080 4940 3080 4680 3300 4680 3300 4940
480 3300 4940 3300 4680 3520 4680 3520 4940
481 3520 4940 3520 4680 3740 4680 3740 4940
482 3740 4940 3740 4680 3960 4680 3960 4940
483 3960 4940 3960 4680 4180 4680 4180 4940
484 4180 4940 4180 4680 4400 4680 4400 4940
485 4400 4940 4400 4680 4620 4680 4620 4940
486 4620 4940 4620 4680 4840 4680 4840 4940
487 4840 4940 4840 4680 5060 4680 5060 4940
488 5060 4940 5060 4680 5280 4680 5280 4940
489 0 5200 0 4940 220 4940 220 5200
490 220 5200 220 4940 440 4940 440 5200
491 440 5200 440 4940 660 4940 660 5200
492 660 5200 660 4940 880 4940 880 5200
493 880 5200 880 4940 1100 4940 1100 5200
494 1100 5200 1100 4940 1320 4940 1320 5200
495 1320 5200 1320 4940 1540 4940 1540 5200
496 1540 5200 1540 4940 1760 4940 1760 5200
497 1760 5200 1760 4940 1980 4940 1980 5200
498 1980 5200 1980 4940 2200 4940 2200 5200
499 2200 5200 2200 4940 2420 4940 2420 5200
500 2420 5200 2420 4940 2640 4940 2640 5200
501 2640 5200 2640 4940 2860 4940 2860 5200
502 2860 5200 2860 4940 3080 4940 3080 5200
503 3080 5200 3080 4940 3300 4940 3300 5200
504 3300 5200 3300 4940 3520 4940 3520 5200
505 3520 5200 3520 4940 3740 4940 3740 5200
506 3740 5200 3740 4940 3960 4940 3960 5200
507 3960 5200 3960 4940 4180 4940 4180 5200
508 4180 5200 4180 4940 4400 4940 4400 5200
509 4400 5200 4400 4940 4620 4940 4620 5200
510 4620 5200 4620 4940 4840 4940 4840 5200
511 4840 5200 4840 4940 5060 4940 5060 5200
512 5060 5200 5060 4940 5280 4940 5280 5200
513 0 5460 0 5200 220 5200 220 5460
514 220 5460 220 5200 440 5200 440 5460
515 440 5460 440 5200 660 5200 660 5460
516 660 5460 660 5200 880 5200 880 5460
517 880 5460 880 5200 1100 5200 1100 5460
518 1100 5460 1100 5200 1320 5200 1320 5460
519 1320 5460 1320 5200 1540 5200 1540 5460
520 1540 5460 1540 5200 1760 5200 1760 5460
521 1760 5460 1760 5200 1980 5200 1980 5460
522 1980 5460 1980 5200 2200 5200 2200 5460
523 2200 5460 2200 5200 2420 5200 2420 5460
524 2420 5460 2420 5200 2640 5200 2640 5460
525 2640 5460 2640 5200 2860 5200 2860 5460
526 2860 5460 2860 5200 3080 5200 3080 5460
527 3080 5460 3080 5200 3300 5200 3300 5460
528 3300 5460 3300 5200 3520 5200 3520 5460
529 3520 5460 3520 5200 3740 5200 3740 5460
530 3740 5460 3740 5200 3960 5200 3960 5460
531 3960 5460 3960 5200 4180 5200 4180 5460
532 4180 5460 4180 5200 4400 5200 4400 5460
533 4400 5460 4400 5200 4620 5200 4620 5460
534 4620 5460 4620 5200 4840 5200 4840 5460
535 4840 5460 4840 5200 5060 5200 5060 5460
536 5060 5460 5060 5200 5280 5200 5280 5460
537 0 5720 0 5460 220 5460 220 5720
538 220 5720 220 5460 440 5460 440 5720
539 440 5720 440 5460 660 5460 660 5720
540 660 5720 660 5460 880 5460 880 5720
541 880 5720 880 5460 1100 5460 1100 5720
542 1100 5720 1100 5460 1320 5460 1320 5720
543 1320 5720 1320 5460 1540 5460 1540 5720
544 1540 5720 1540 5460 1760 5460 1760 5720
545 1760 5720 1760 5460 1980 5460 1980 5720
546 1980 5720 1980 5460 2200 5460 2200 5720
547 2200 5720 2200 5460 2420 5460 2420 5720
548 2420 5720 2420 5460 2640 5460 2640 5720
549 2640 5720 2640 5460 2860 5460 2860 5720
550 2860 5720 2860 5460 3080 5460 3080 5720
551 3080 5720 3080 5460 3300 5460 3300 5720
552 3300 5720 3300 5460 3520 5460 3520 5720
553 3520 5720 3520 5460 3740 5460 3740 5720
554 3740 5720 3740 5460 3960 5460 3960 5720
555 3960 5720 3960 5460 4180 5460 4180 5720
556 4180 5720 4180 5460 4400 5460 4400 5720
557 4400 5720 4400 5460 4620 5460 4620 5720
558 4620 5720 4620 5460 4840 5460 4840 5720
559 4840 5720 4840 5460 5060 5460 5060 5720
560 5060 5720 5060 5460 5280 5460 5280 5720
561 0 5980 0 5720 220 5720 220 5980
562 220 5980 220 5720 440 5720 440 5980
563 440 5980 440 5720 660 5720 660 5980
564 660 5980 660 5720 880 5720 880 5980
565 880 5980 880 5720 1100 5720 1100 5980
566 1100 5980 1100 5720 1320 5720 1320 5980
567 1320 5980 1320 5720 1540 5720 1540 5980
568 1540 5980 1540 5720 1760 5720 1760 5980
569 1760 5980 1760 5720 1980 5720 1980 5980
570 1980 5980 1980 5720 2200 5720 2200 5980
571 2200 5980 2200 5720 2420 5720 2420 5980
572 2420 5980 2420 5720 2640 5720 2640 5980
573 2640 5980 2640 5720 2860 5720 2860 5980
574 2860 5980 2860 5720 3080 5720 3080 5980
575 3080 5980 3080 5720 3300 5720 3300 5980
576 3300 5980 3300 5720 3520 5720 3520 5980
577 3520 5980 3520 5720 3740 5720 3740 5980
578 3740 5980 3740 5720 3960 5720 3960 5980
579 3960 5980 3960 5720 4180 5720 4180 5980
580 4180 5980 4180 5720 4400 5720 4400 5980
581 4400 5980 4400 5720 4620 5720 4620 5980
582 4620 5980 4620 5720 4840 5720 4840 5980
583 4840 5980 4840 5720 5060 5720 5060 5980
584 5060 5980 5060 5720 5280 5720 5280 5980
585 0 6240 0 5980 220 5980 220 6240
586 220 6240 220 5980 440 5980 440 6240
587 440 6240 440 5980 660 5980 660 6240
588 660 6240 660 5980 880 5980 880 6240
589 880 6240 880 5980 1100 5980 1100 6240
590 1100 6240 1100 5980 1320 5980 1320 6240
